891058659
906172954
1194427865
1105921806
1191497460
1186625874
137455124
355054134
393809262
859639629
1161669928
891972674
1161750751
1161720020
1161822820
999144118
1104760553
1100358997
1109268215
1197976744
1192324844
1198133208
1192429905
1197877475
1199434489
1116660385
885910647
1012089090
876442509
1073010332
1036288285
868141425
989319181
342195118
1193903480
1090804679
1117455213
210554141
423402769
384450208
1192426884
1192101935
1192392540
1192421232
1192297821
1192503619
1094463398
435781531
1003748871
99970233
4161644
1170470844
942483524
7544912
1200652827
898965943
1072752882
1202914426
93552259
1145456170
1191043012
130556405
1106536089
424440488
1164606592
1200983627
3622694720
95040
1192318071
1190544976
1192133160
1190891450
1096863042
136511
1190316530
201456065
1194660221
157388780
925471029
397922060
1207036863
1208893231
1208965388
1083698820
1184820370
1184724134
147640363
1192832955
205876590
1093654566
200603695
846439685
1096983183
1093636520
104168603
1213838322
1214369464
1214054489
1214032428
1214077064
1213791972
1213353107
1214164389
1213847653
1213943056
67328004
257097059
142651500
837149353
302789200
1070524940
1104127781
1108561268
1108583691
1126323826
1126293297
1125990935
1126566827
1126671144
1126929978
1126879030
1128839737
1128823335
1104421239
847216059
39981857
14450628
882079524
951679912
1216448379
920177275
1153274886
1110933323
1165750116
1166476953
1129805639
1145251964
1105778191
1128866895
1127410765
1172204052
196765068
1173542585
1173026027
1166786262
86618449
1368703
389531068
172374125
432359905
892178230
955047474
1119394219
314802227
1227345614
1227003249
1226550329
1226613459
1227157643
1227106762
1227139540
1227062606
1227243939
1226913678
1227311979
1227303456
1226970238
1226850086
1227148528
1227250342
925691869
1179434168
273676104
115343091
99767290
166324349
1215505133
1215380825
1215360918
1215523349
1104364399
1217511454
381761902
388094503
1078917919
1199479162
1199310534
1203534372
1197720967
129372990
1199483794
1199733115
1200046623
1199833480
1199892503
1199746677
1199684188
1200221490
1199650604
1200439498
1199751699
1208585226
1199778318
1200114809
1199821800
1199818738
1199597210
1199650007
1200128810
1199480925
1199823655
1200084981
1200259503
1199912100
1199978438
1199932476
1199657761
1199803526
1199673737
1199699933
1199886238
1199345831
1185715456
1200063651
1199843298
1199648660
1199754518
50314901
373006531
1113871579
1105954202
1208243613
1106980563
1106145493
1108829149
1105945387
1098675540
1106042491
1106957409
1106345020
1106232080
1217898238
1217848808
468935501
1107016343
1109067283
1108698612
1108824961
1106935607
1217289291
1140824976
1217279068
1208545842
1208150701
1208537489
1208474057
1006104804
1066793864
1073931
1219180722
1217247802
1114282824
1209721960
1176290182
1176407816
341254721
192988971
1220103417
10081934
1231110914
1226781798
1229585578
1110270666
1198881738
1199516018
1199670052
1199777276
1199783747
1199792190
1199857460
1199966762
1199966993
1200051115
1200061399
1200092356
1200150667
1200246263
1200322881
1205810623
1205812891
1205833062
1205920630
1205947828
1205948159
1206011316
1206024515
1206150058
1206167396
1206170530
1206188964
1206200750
1206206668
1206210825
1206215212
1206217039
1206241100
1206267183
1206308899
1206313384
1206330114
1206340139
1206362670
1206369427
1206386829
1206388918
1206408842
1206414646
1206448490
1206455223
1206455995
1206517711
1206519327
1206550539
1206564778
1206566590
1206630157
1206819489
1206820482
1207480595
1207602450
1207638839
1207664061
1207692934
1207710370
1207712670
1207795643
1207801196
1207840529
1207841309
1207869696
1207889643
1207892836
1207913963
1207961547
1207994240
1208084265
1208087635
1208245768
1213622300
1213890503
1214943390
1195124506
1216723341
1194781391
1213587615
1213790657
1213573201
1213887758
1213712086
1213524008
1218363775
1219345701
1218497775
1218842613
1218807687
1227184266
1227242348
1226916599
1218049265